9,266
9,265
8,20
9,200
9,264
9,263
9,262
9,199
9,261
9,260
9,259
9,198
9,258
8,19
9,257
9,256
9,197
9,127
9,126
9,125
9,196
9,124
9,123
8,18
9,122
9,195
9,121
9,120
9,119
9,194
9,118
9,117
9,116
9,193
8,17
9,115
9,114
9,192
9,113
9,112
9,111
9,132
9,110
9,109
8,16
9,108
9,131
9,107
9,106
9,130
9,105
9,104
9,103
9,129
9,102
9,101
8,15
9,128
9,100
9,99
9,98
9,63
9,97
9,96
9,62
9,95
8,14
9,94
9,93
9,61
9,92
9,60
9,91
9,90
9,89
9,59
9,88
8,13
9,87
9,86
9,58
9,85
9,84
9,83
9,57
9,82
8,12
9,81
9,80
9,56
9,79
9,78
9,55
9,77
9,76
9,75
8,11
9,54
9,74
9,73
9,72
9,53
9,71
9,70
9,69
9,52
9,68
8,10
9,67
9,66
9,51
9,65
9,50
9,64
8,9
9,49
9,48
9,47
9,46
9,45
9,44
9,43
9,42
8,8
9,41
9,40
9,39
9,38
9,37
9,36
9,35
9,34
9,33
9,32
9,31
8,7
9,30
9,29
9,28
9,27
9,26
9,25
9,24
9,23
9,22
8,6
9,21
9,20
9,19
9,18
9,17
9,16
8,5
8,4
9,15
9,14
9,13
9,12
9,11
9,10
9,9
9,8
9,7
9,6
9,5
9,4
9,3
9,2
9,1
9,0
1,2
1,0
3,2
3,0
8,3
8,2
8,1
8,0
0,9
2,2
2,0
7,3
5,3
4,3
1,45
3,44
2,44
1,44
3,43
2,43
1,43
3,42
2,42
1,42
3,41
2,41
1,41
3,40
2,40
1,40
3,39
2,39
1,39
3,38
2,38
1,38
3,37
2,37
1,37
3,36
2,36
1,36
3,35
2,35
1,35
3,34
2,34
1,34
3,33
2,33
1,33
3,32
2,32
1,32
3,31
2,31
1,31
3,30
2,30
1,30
3,29
2,29
1,29
3,28
2,28
1,28
3,27
2,27
1,27
3,26
2,26
1,26
3,25
2,25
1,25
3,24
2,24
1,24
3,23
2,23
1,23
3,22
2,22
1,22
3,21
2,21
1,21
3,20
2,20
1,20
3,19
2,19
1,19
3,18
2,18
1,18
3,17
2,17
1,17
3,16
2,16
1,16
3,15
2,15
1,15
3,14
2,14
1,14
3,13
2,13
1,13
3,12
2,12
1,12
3,11
2,11
1,11
3,10
2,10
1,10
3,9
2,9
1,9
3,8
2,8
1,8
3,7
2,7
1,7
3,6
2,6
1,6
3,5
2,5
1,5
3,4
2,4
1,4
3,3
2,3
1,3
0,6
0,5
0,47
0,46
0,49
0,48
0,45
0,12
0,10
0,8
0,11
0,7
0,4
0,3
